0,791
0,720
0,719
5,6
0,718
5,2
0,717
5,1
0,716
0,715
5,5
0,714
0,713
0,340
0,712
0,711
6,6
0,710
6,2
0,709
6,1
0,708
6,5
0,707
0,308
0,706
0,305
0,705
0,704
0,703
0,702
0,701
0,700
0,699
0,698
0,697
0,696
0,695
0,694
0,693
0,692
0,691
0,690
0,689
0,688
0,687
0,686
0,685
0,684
0,683
0,682
0,681
0,680
0,679
0,678
0,677
0,676
0,675
0,674
0,673
2,2
0,672
0,671
2,1
0,670
2,5
0,669
0,668
0,667
0,666
0,665
0,664
0,663
0,662
0,661
0,660
0,659
0,658
0,657
0,656
0,655
0,654
0,653
0,652
0,651
0,650
0,649
0,648
0,647
0,646
0,645
0,644
0,643
0,642
0,641
0,640
0,639
0,638
0,637
0,636
0,635
0,634
0,633
0,632
0,631
0,630
0,629
0,628
0,627
0,626
0,625
0,624
0,623
0,622
0,621
0,620
0,619
0,618
0,311
0,310
0,0
0,307
0,306
0,13
0,339
0,11
0,9
82,34
82,33
82,32
82,31
82,30
82,29
82,28
82,27
82,26
82,25
82,24
82,23
82,22
82,21
82,20
82,19
82,18
82,17
82,16
82,15
82,14
82,13
82,12
82,11
82,10
82,9
82,8
82,7
82,6
82,5
82,4
82,3
82,2
82,0
0,484
0,469
0,303
0,483
0,468
0,302
0,787
0,467
0,301
0,786
0,466
0,300
0,482
0,465
0,299
0,481
0,464
0,298
0,480
0,463
0,297
0,785
0,462
0,296
0,784
0,461
0,295
0,479
0,460
0,294
0,478
0,459
0,293
0,477
0,458
0,292
